2
220
-144.00 60.00
-142.00 60.00
-142.00 61.00
-141.00 61.00
-141.00 62.00
-144.00 62.00
-144.00 60.00

15
20
-145.25 59.50
-142.00 59.50
-142.00 60.00
-145.25 60.00
-145.25 59.50

21
24
-138.00 52.50
-135.00 52.50
-135.00 54.50
-138.00 54.50
-138.00 52.50

22
24
-135.00 52.00
-133.00 52.00
-133.00 52.75
-134.00 52.75
-134.00 53.50
-135.00 53.50
-135.00 52.00

25
23
-132.00 48.00
-128.00 48.00
-128.00 49.00
-128.50 49.00
-128.50 49.50
-129.00 49.50
-129.00 50.00
-129.50 50.00
-129.50 50.50
-130.00 50.50
-130.00 51.00
-132.00 51.00
-132.00 48.00

26
23
-130.50 46.00
-128.00 46.00
-128.00 48.00
-130.50 48.00
-130.50 46.00

26
24
-132.00 46.00
-130.50 46.00
-130.50 48.00
-132.00 48.00
-132.00 46.00

30
23
-132.00 42.00
-126.00 42.00
-126.00 43.50
-126.50 43.50
-126.50 46.00
-132.00 46.00
-132.00 42.00

34
23
-128.50 40.00
-125.00 40.00
-125.00 40.75
-125.50 40.75
-125.50 42.00
-128.50 42.00
-128.50 40.00

35
20
-124.00 38.00
-123.00 38.00
-123.00 40.00
-124.00 40.00
-124.00 40.25
-125.00 40.25
-125.00 39.00
-124.00 39.00
-124.00 38.00

36
20
-123.00 38.00
-120.00 38.00
-120.00 40.00
-123.00 40.00
-123.00 38.00

48
24
-114.00 28.25
-113.50 28.25
-113.50 29.00
-114.00 29.00
-114.00 29.50
-114.25 29.50
-114.25 30.00
-114.75 30.00
-114.75 29.00
-114.25 29.00
-114.25 28.75
-114.00 28.75
-114.00 28.25

49
20
-115.00 30.00
-114.50 30.00
-114.50 30.50
-114.75 30.50
-114.75 31.50
-113.75 31.50
-113.75 31.25
-113.25 31.25
-113.25 30.50
-113.00 30.50
-113.00 32.00
-115.00 32.00
-115.00 30.00

51
23
-108.00 21.00
-107.00 21.00
-107.00 23.00
-109.00 23.00
-109.00 22.00
-108.00 22.00
-108.00 21.00

53
24
-111.50 18.00
-110.50 18.00
-110.50 20.00
-111.50 20.00
-111.50 18.00

54
23
-108.00 17.00
-105.00 17.00
-105.00 18.25
-105.75 18.25
-105.75 18.75
-106.00 18.75
-106.00 19.25
-107.00 19.25
-107.00 19.75
-108.00 19.75
-108.00 17.00

76
23
-86.00 2.00
-83.00 2.00
-83.00 7.00
-90.00 7.00
-90.00 5.00
-89.00 5.00
-89.00 3.00
-86.00 3.00
-86.00 2.00

77
23
-84.00 7.00
-83.00 7.00
-83.00 7.33
-84.00 7.33
-84.00 7.00

78
34
-83.50 9.50
-83.00 9.50
-83.00 11.00
-83.50 11.00
-83.50 9.50

83
23
-83.00 2.00
-81.00 2.00
-81.00 4.50
-79.00 4.50
-79.00 8.00
-80.00 8.00
-80.00 7.00
-82.00 7.00
-82.00 7.25
-82.75 7.25
-82.75 7.33
-83.00 7.33
-83.00 2.00

97
220
-68.00 10.00
-63.00 10.00
-63.00 9.00
-61.00 9.00
-61.00 8.00
-60.00 8.00
-60.00 10.00
-62.00 10.00
-62.00 11.00
-68.00 11.00
-68.00 10.00

104
23
-86.00 0.00
-83.50 0.00
-83.50 2.00
-86.00 2.00
-86.00 0.00

143
23
-83.00 -46.50
-76.50 -46.50
-76.50 -45.00
-77.00 -45.00
-77.00 -43.50
-81.00 -43.50
-81.00 -45.00
-83.00 -45.00
-83.00 -46.50

149
23
-64.50 -60.50
-59.00 -60.50
-59.00 -58.00
-64.50 -58.00
-64.50 -60.50

153
23
-26.00 -62.00
-22.00 -62.00
-22.00 -60.00
-24.00 -60.00
-24.00 -60.50
-26.00 -60.50
-26.00 -62.00

153
223
-31.00 -62.00
-27.00 -62.00
-27.00 -60.00
-28.50 -60.00
-28.50 -56.00
-29.00 -56.00
-29.00 -54.00
-31.00 -54.00
-31.00 -62.00

154
23
-55.00 -62.00
-52.00 -62.00
-52.00 -60.00
-55.00 -60.00
-55.00 -62.00

161
220
168.00 -44.00
169.00 -44.00
169.00 -43.00
171.00 -43.00
171.00 -41.00
173.00 -41.00
173.00 -40.00
168.00 -40.00
168.00 -44.00

162
220
169.00 -44.00
173.00 -44.00
173.00 -43.00
174.00 -43.00
174.00 -41.00
171.00 -41.00
171.00 -43.00
169.00 -43.00
169.00 -44.00

166
23
162.00 -52.00
164.00 -52.00
164.00 -50.50
163.50 -50.50
163.50 -50.25
162.00 -50.25
162.00 -52.00

169
223
-176.00 -15.00
-175.40 -15.00
-175.40 -13.50
-176.00 -13.50
-176.00 -15.00

170
24
-171.00 -15.00
-168.00 -15.00
-168.00 -13.00
-173.00 -13.00
-173.00 -14.00
-172.00 -14.00
-172.00 -14.33
-171.00 -14.33
-171.00 -15.00

183
42
168.00 -13.00
173.00 -13.00
173.00 -7.00
164.00 -7.00
164.00 -9.00
168.00 -9.00
168.00 -13.00

185
40
165.00 -20.00
166.00 -20.00
166.00 -17.00
165.00 -17.00
165.00 -13.00
162.00 -13.00
162.00 -17.00
164.00 -17.00
164.00 -18.00
165.00 -18.00
165.00 -20.00

185
223
173.00 -22.00
175.00 -22.00
175.00 -19.00
173.00 -19.00
173.00 -13.00
169.00 -13.00
169.00 -14.00
170.00 -14.00
170.00 -17.00
171.00 -17.00
171.00 -21.00
173.00 -21.00
173.00 -22.00

189
223
173.00 -24.00
175.00 -24.00
175.00 -22.00
173.00 -22.00
173.00 -24.00

190
30
153.00 -6.00
154.00 -6.00
154.00 -4.50
153.00 -4.50
153.00 -6.00

193
23
156.00 -10.00
157.00 -10.00
157.00 -8.75
156.50 -8.75
156.50 -8.50
156.00 -8.50
156.00 -10.00

194
223
151.00 -14.00
156.00 -14.00
156.00 -9.00
154.00 -9.00
154.00 -9.75
152.50 -9.75
152.50 -9.25
151.00 -9.25
151.00 -14.00

196
23
132.00 0.50
133.50 0.50
133.50 3.00
132.00 3.00
132.00 0.50

200
23
144.00 -3.75
146.00 -3.75
146.00 -3.00
144.00 -3.00
144.00 -3.75

200
220
144.00 -5.00
146.00 -5.00
146.00 -3.75
144.00 -3.75
144.00 -5.00

202
220
144.00 -7.00
146.00 -7.00
146.00 -6.00
145.00 -6.00
145.00 -5.00
144.00 -5.00
144.00 -7.00

209
23
131.00 3.00
142.00 3.00
142.00 9.50
139.50 9.50
139.50 9.25
131.00 9.25
131.00 3.00

230
33
138.65 34.00
140.00 34.00
140.00 36.00
139.00 36.00
139.00 35.00
138.67 35.00
138.67 34.80
138.65 34.80
138.65 34.00

243
20
117.00 21.00
119.50 21.00
119.50 23.00
117.00 23.00
117.00 21.00

270
220
124.00 -4.00
126.00 -4.00
126.00 -2.00
124.00 -2.00
124.00 -4.00

290
10
127.00 -12.00
130.00 -12.00
130.00 -11.00
132.00 -11.00
132.00 -10.00
129.00 -10.00
129.00 -10.50
127.00 -10.50
127.00 -12.00

375
10
44.00 29.00
47.00 29.00
47.00 32.00
45.00 32.00
45.00 33.50
44.00 33.50
44.00 36.00
42.00 36.00
42.00 35.50
41.00 35.50
41.00 34.00
39.00 34.00
39.00 32.00
41.00 32.00
41.00 31.00
43.00 31.00
43.00 30.00
44.00 30.00
44.00 29.00

385
23
-8.00 35.00
-6.00 35.00
-6.00 37.00
-8.00 37.00
-8.00 35.00

390
30
16.00 38.00
18.00 38.00
18.00 39.00
16.00 39.00
16.00 38.00

393
24
-17.50 32.00
-16.00 32.00
-16.00 33.50
-17.50 33.50
-17.50 32.00

394
24
-19.00 27.00
-14.00 27.00
-14.00 28.00
-13.00 28.00
-13.00 30.00
-19.00 30.00
-19.00 27.00

394
10
-19.00 25.00
-16.00 25.00
-16.00 26.00
-15.00 26.00
-15.00 27.00
-17.00 27.00
-18.00 26.00
-19.00 25.00

402
30
-60.00 10.00
-57.00 10.00
-57.00 17.00
-58.00 17.00
-58.00 17.50
-59.00 17.50
-59.00 12.00
-60.00 12.00
-60.00 10.00

402
23
-54.00 13.00
-48.00 13.00
-48.00 20.00
-51.00 20.00
-51.00 21.00
-60.00 21.00
-60.00 18.00
-59.00 18.00
-59.00 17.50
-58.00 17.50
-58.00 17.00
-57.00 17.00
-57.00 16.00
-56.00 16.00
-56.00 15.00
-54.00 15.00
-54.00 13.00

402
24
-26.00 14.00
-22.00 14.00
-22.00 18.00
-26.00 18.00
-26.00 14.00

408
24
-15.00 -8.50
-14.00 -8.50
-14.00 -7.50
-15.00 -7.50
-15.00 -8.50

409
23
-55.00 -55.00
-40.00 -55.00
-40.00 -52.00
-55.00 -52.00
-55.00 -55.00

409
24
-30.00 -21.50
-28.00 -21.50
-28.00 -19.50
-30.00 -19.50
-30.00 -21.50

411
24
-14.00 -39.00
-11.00 -39.00
-11.00 -36.00
-14.00 -36.00
-14.00 -39.00

412
24
2.50 -55.00
4.00 -55.00
4.00 -53.50
2.50 -53.50
2.50 -55.00

425
23
51.00 -38.00
54.00 -38.00
54.00 -37.00
55.00 -37.00
55.00 -36.00
57.00 -36.00
57.00 -35.00
60.00 -35.00
60.00 -33.00
58.00 -33.00
58.00 -34.00
56.00 -34.00
56.00 -35.00
54.00 -35.00
54.00 -36.00
53.00 -36.00
53.00 -37.00
51.00 -37.00
51.00 -38.00

425
23
64.00 -12.00
65.00 -12.00
65.00 -11.00
64.00 -11.00
64.00 -12.00

425
23
78.00 -7.00
92.00 -7.00
92.00 0.00
78.00 0.00
78.00 -7.00

427
24
54.00 -22.00
59.00 -22.00
59.00 -19.00
54.00 -19.00
54.00 -22.00

429
24
77.25 -39.00
77.75 -39.00
77.75 -37.50
77.25 -37.50
77.25 -39.00

431
24
37.00 -48.00
43.00 -48.00
43.00 -45.50
37.00 -45.50
37.00 -48.00

432
23
44.00 -42.00
45.00 -42.00
45.00 -41.00
44.00 -41.00
44.00 -42.00

432
24
49.00 -47.00
53.00 -47.00
53.00 -45.00
49.00 -45.00
49.00 -47.00

543
24
6.75 50.15
7.00 50.15
7.00 50.33
6.75 50.33
6.75 50.15

551
24
4.50 22.00
7.00 22.00
7.00 24.50
4.50 24.50
4.50 22.00

556
24
15.00 19.00
19.00 19.00
19.00 22.00
15.00 22.00
15.00 19.00

557
24
24.00 12.50
27.00 12.50
27.00 16.00
24.00 16.00
24.00 12.50

558
24
37.00 5.00
39.00 5.00
39.00 7.00
40.00 7.00
40.00 8.00
41.00 8.00
41.00 9.00
44.00 9.00
44.00 10.00
43.00 10.00
43.00 11.00
44.00 11.00
44.00 12.00
43.00 12.00
43.00 14.00
42.00 14.00
42.00 15.00
41.00 15.00
41.00 16.00
39.00 16.00
39.00 10.00
38.00 10.00
38.00 9.00
37.00 9.00
37.00 9.00

560
24
43.00 10.00
44.00 10.00
44.00 11.00
43.00 11.00
43.00 10.00

561
24
8.00 2.50
9.00 2.50
9.00 4.00
8.00 4.00
8.00 2.50

561
24
6.00 0.00
8.00 0.00
8.00 2.00
6.00 2.00
6.00 0.00

562
24
9.00 3.00
10.00 3.00
10.00 3.50
11.00 3.50
11.00 5.00
11.50 5.00
11.50 6.00
15.00 6.00
15.00 8.00
12.00 8.00
12.00 7.00
11.00 7.00
11.00 6.00
10.00 6.00
10.00 4.00
9.00 4.00
9.00 3.00

574
24
42.50 -14.00
47.00 -14.00
47.00 -11.00
42.50 -11.00
42.50 -14.00

584
10
26.00 -32.00
31.00 -32.00
31.00 -22.00
29.00 -22.00
29.00 -23.00
27.00 -23.00
27.00 -24.00
26.00 -24.00
26.00 -32.00

603
24
141.50 -38.25
144.50 -38.25
144.50 -38.00
145.25 -38.00
145.25 -37.00
141.50 -37.00
141.50 -38.25

611
30
145.00 22.00
148.00 22.00
148.00 25.00
145.00 25.00
145.00 22.00

614
24
162.00 4.00
164.00 4.00
164.00 7.00
161.00 7.00
161.00 8.00
157.00 8.00
157.00 5.00
162.00 5.00
162.00 4.00

614
31
145.00 9.00
148.00 9.00
148.00 11.00
146.00 11.00
146.00 10.00
145.00 10.00
145.00 9.00

614
40
152.00 0.00
165.00 0.00
165.00 7.00
164.00 7.00
164.00 4.00
162.00 4.00
162.00 5.00
157.00 5.00
157.00 8.00
160.00 8.00
160.00 9.00
159.00 9.00
159.00 12.00
152.00 12.00
152.00 0.00

614
40
160.00 7.00
162.00 7.00
162.00 8.00
160.00 8.00
160.00 7.00

628
24
-150.00 -18.50
-147.50 -18.50
-147.50 -17.00
-150.50 -17.00
-150.50 -18.00
-150.00 -18.00
-150.00 -18.50

630
24
-141.00 -11.00
-138.00 -11.00
-138.00 -8.50
-141.00 -8.50
-141.00 -11.00

632
24
-142.00 -30.00
-139.00 -30.00
-139.00 -28.00
-142.00 -28.00
-142.00 -30.00

632
24
-130.50 -25.75
-128.00 -25.75
-128.00 -24.00
-130.50 -24.00
-130.50 -25.75

632
24
-144.00 -52.00
-138.00 -52.00
-138.00 -50.00
-144.00 -50.00
-144.00 -52.00

639
24
-10.00 70.50
-7.00 70.50
-7.00 71.50
-10.00 71.50
-10.00 70.50

640
10
-20.00 73.00
-18.00 73.00
-18.00 73.50
-17.00 73.50
-17.00 73.75
-16.00 73.75
-16.00 74.00
-14.00 74.00
-14.00 74.25
-12.50 74.25
-12.50 74.50
-10.00 74.50
-10.00 75.00
-7.00 75.00
-7.00 75.50
-4.00 75.50
-4.00 77.50
-3.00 77.50
-3.00 78.50
-4.00 78.50
-4.00 79.25
-6.00 79.25
-6.00 80.00
-17.00 80.00
-17.00 74.00
-20.00 74.00
-20.00 73.00

641
10
-15.00 80.00
-8.00 80.00
-8.00 80.25
-8.50 80.25
-8.50 80.50
-9.00 80.50
-9.00 80.75
-10.00 80.75
-10.00 81.00
-15.00 81.00
-15.00 80.00

671
30
165.00 59.00
171.00 59.00
171.00 62.00
165.00 62.00
165.00 59.00

683
24
-81.00 -27.00
-79.00 -27.00
-79.00 -25.50
-81.00 -25.50
-81.00 -27.00

685
24
-110.00 -28.00
-108.50 -28.00
-108.50 -26.50
-110.00 -26.50
-110.00 -28.00

687
24
-81.50 -34.50
-77.00 -34.50
-77.00 -33.00
-81.50 -33.00
-81.50 -34.50

691
24
-144.00 -55.00
-138.00 -55.00
-138.00 -52.00
-144.00 -52.00
-144.00 -55.00

702
24
161.00 -68.00
167.00 -68.00
167.00 -65.50
161.00 -65.50
161.00 -68.00

755
24
8.00 4.00
10.00 4.00
10.00 6.00
11.00 6.00
11.00 7.00
12.00 7.00
12.00 8.00
8.00 8.00
8.00 4.00
