>EUrvAF
  10.373    38.685   53.47   53.47
  10.609    38.821   48.94   44.41
  10.827    38.994   58.15   71.90
  11.118    39.067   79.77   87.63
  11.363    39.075   93.96  100.28
  11.659    39.033  118.51  136.75
  11.778    38.934  120.58  104.41
  12.057    38.878  100.01   95.61
  12.433    38.849  117.40  139.18
  12.708    38.600  113.88   88.59
  13.314    38.611   88.15   87.71
  13.812    38.625   80.52   73.33
  14.114    38.695   75.29   77.25
  14.514    38.765   77.25   77.25
>EUlvAF
  15.832    37.274  271.94  263.76
  16.236    37.309  261.35  258.94
  16.824    37.398  253.98  249.02
  17.168    37.503  237.07  225.12
  17.419    37.701  216.26  207.40
  17.612    37.993  205.40  203.40
  17.773    38.285  200.54  197.67
  17.845    38.462  223.51  249.35
  18.031    38.516  219.06  188.77
  18.086    38.794  181.91  175.06
  18.062    39.006  164.59  154.12
  17.960    39.170  154.12  154.12
>ANrvSA
 -76.483   -52.068  352.67  352.67
 -76.626   -51.377  352.70  352.72
 -76.757   -50.729  351.53  350.34
 -76.990   -49.845  354.19  358.04
 -77.024   -49.192    1.74    5.44
 -76.925   -48.507   10.88   16.33
 -76.650   -47.875   22.80   29.27
 -76.321   -47.478   29.15   29.03
 -75.997   -47.080   15.69    2.35
 -75.958   -46.422  359.91  357.48
 -76.006   -45.659  357.48  357.48
>SUlvAU
 104.576    -8.167  315.14  315.14
 104.981    -8.569  307.95  300.75
 105.590    -8.926  300.78  300.80
 106.123    -9.240  300.90  300.99
 106.345    -9.371  301.39  301.79
 106.827    -9.665  297.16  292.53
 107.379    -9.890  291.21  289.89
 107.836   -10.053  286.74  283.58
 108.363   -10.178  282.93  282.27
 109.067   -10.328  278.43  274.59
 109.626   -10.371  276.05  277.50
 110.159   -10.440  276.16  274.81
 110.615   -10.477  272.42  270.04
 111.015   -10.477  275.70  281.36
 111.523   -10.577  279.06  276.77
 112.170   -10.652  281.08  285.39
 112.563   -10.758  282.78  280.16
 113.204   -10.870  280.00  279.83
 113.756   -10.964  280.44  281.05
 114.410   -11.088  278.56  276.07
 115.013   -11.151  276.62  277.18
 115.571   -11.219  276.33  275.48
 116.174   -11.275  275.18  274.87
 116.853   -11.331  272.72  270.57
 117.576   -11.337  272.51  274.46
 118.236   -11.387  270.85  267.23
 118.750   -11.362  270.39  273.54
 119.270   -11.393  275.28  277.02
 119.841   -11.462  276.51  276.00
 120.451   -11.524  270.92  265.84
 120.886   -11.493  265.84  265.84
>AUrvPA
 166.951   -44.987   33.31   33.31
 167.100   -44.826   40.13   46.95
 167.368   -44.648   49.25   51.55
 167.688   -44.466   57.90   64.25
 168.081   -44.330   62.54   60.83
 168.488   -44.166   57.71   54.59
 168.770   -44.021   54.59   54.59
>KElvPA
 175.503   -42.059  251.03  251.03
 176.081   -41.910  250.99  250.95
 176.673   -41.756  252.31  253.67
 177.123   -41.657  250.20  246.73
 177.607   -41.500  235.68  224.63
 178.015   -41.188  216.39  208.15
 178.284   -40.807  208.72  209.29
 178.566   -40.424  208.23  207.18
 178.792   -40.087  202.00  196.83
 178.950   -39.685  196.71  196.59
 179.125   -39.230  194.10  191.61
 179.215   -38.889  195.12  198.63
 179.366   -38.538  202.10  205.57
 179.569   -38.205  200.95  196.34
 179.838   -37.476  176.97  157.61
-179.811   -36.793    3.84  210.08
-179.371   -36.179  206.39  202.69
-179.044   -35.542  207.55  212.41
-178.641   -35.022  203.64  194.86
-178.539   -34.706  200.05  205.24
-178.413   -34.485  203.60  201.95
-178.294   -34.241  196.10  190.24
-178.208   -33.846  202.82  215.39
-177.981   -33.580  207.80  200.22
-177.810   -33.191  196.99  193.76
-177.666   -32.696  187.72  181.67
-177.649   -32.203  191.34  201.00
-177.538   -31.957  215.93  230.85
-177.301   -31.793  218.30  205.75
-177.108   -31.452  203.55  201.36
-176.919   -31.037  205.04  208.73
-176.690   -30.678  203.92  199.11
-176.547   -30.322  200.69  202.26
-176.339   -29.881  201.87  201.48
-176.153   -29.469  195.35  189.22
-176.078   -29.065  190.20  191.19
-175.995   -28.697  191.90  192.61
-175.885   -28.264  191.53  190.45
-175.785   -27.784  197.52  204.58
-175.545   -27.318  200.13  195.67
-175.400   -26.857  186.43  177.19
-175.423   -26.437  179.09  181.00
-175.415   -26.025  183.37  185.75
-175.382   -25.730  189.97  194.18
-175.297   -25.426  190.37  186.56
-175.261   -25.143  185.99  185.42
-175.229   -24.836  184.14  182.86
-175.209   -24.472  188.26  193.67
-175.102   -24.070  196.08  198.50
-174.985   -23.750  198.50  198.50
>TOlvPA
-174.985   -23.750  208.93  208.93
-174.842   -23.513  209.16  209.40
-174.663   -23.221  208.20  207.00
-174.489   -22.906  207.47  207.95
-174.323   -22.617  207.73  207.50
-174.139   -22.290  206.18  204.86
-173.952   -21.915  201.32  197.77
-173.818   -21.526  199.40  201.04
-173.703   -21.248  201.42  201.81
-173.551   -20.893  203.07  204.34
-173.403   -20.586  204.39  204.44
-173.218   -20.204  202.25  200.06
-173.053   -19.779  196.94  193.83
-172.970   -19.461  193.47  193.10
-172.874   -19.071  194.46  195.82
-172.786   -18.777  195.84  195.86
-172.698   -18.483  196.47  197.08
-172.591   -18.152  194.83  192.58
-172.540   -17.935  195.95  199.32
-172.445   -17.677  194.40  189.48
-172.374   -17.271  188.20  186.91
-172.335   -16.963  186.11  185.31
-172.311   -16.716  182.94  180.57
-172.307   -16.332  180.95  181.32
-172.300   -16.041  177.90  174.48
-172.331   -15.732  173.39  172.30
-172.355   -15.561  165.87  159.44
-172.428   -15.373  151.16  142.88
-172.602   -15.151  134.17  125.47
-172.774   -15.033  130.81  136.16
-172.939   -14.867  125.05  113.95
-173.130   -14.785  118.21  122.48
-173.273   -14.697  126.73  130.98
-173.407   -14.584  130.98  130.98
>SBlvSS
 148.587    -7.395  243.37  243.37
 149.314    -7.032  251.84  260.32
 149.860    -6.939  259.41  258.50
 150.146    -6.881  254.21  249.93
 150.663    -6.694  246.22  242.50
 151.148    -6.443  240.16  237.82
 151.519    -6.210  234.55  231.28
 151.876    -5.926  238.53  245.78
 152.257    -5.755  249.79  253.80
 152.653    -5.640  268.18  282.56
 153.107    -5.741  289.62  296.67
 153.519    -5.946  302.32  307.96
 153.930    -6.265  307.96  307.96
>NBlvSS
 153.930    -6.265  309.54  309.54
 154.225    -6.507  312.19  314.84
 154.540    -6.818  317.95  321.07
 154.927    -7.293  321.07  321.07
>PAlvSS
 154.927    -7.293  290.58  290.58
 155.454    -7.489  290.58  290.58
>PAlvWL
 155.454    -7.489  301.49  301.49
 155.812    -7.706  304.44  307.38
 156.047    -7.884  313.53  319.67
 156.296    -8.174  319.67  319.67
>SSrvWL
 148.587    -7.395  119.16  119.16
 148.733    -7.475  120.68  122.21
 148.944    -7.607  114.08  105.95
 149.148    -7.665   98.02   90.09
 149.334    -7.665   85.80   81.52
 149.609    -7.624   84.42   87.32
 149.866    -7.612   90.25   93.18
 150.173    -7.629   95.96   98.73
 150.555    -7.687   99.92  101.11
 150.917    -7.757  102.47  103.83
 151.307    -7.852  104.73  105.62
 151.680    -7.955  108.53  111.44
 152.062    -8.104  112.92  114.40
 152.411    -8.260  114.81  115.23
 152.685    -8.388  117.62  120.01
 152.959    -8.544  126.76  133.52
 153.108    -8.684  140.83  148.15
 153.170    -8.783  148.19  148.22
 153.237    -8.890  162.40  176.57
 153.255    -9.186  176.57  176.57
>PAlvAU
 156.296    -8.174  320.86  320.86
 156.467    -8.382  314.16  307.46
 156.706    -8.563  302.41  297.36
 156.782    -8.602  288.81  280.25
 156.858    -8.615  284.63  289.01
 156.935    -8.642  294.42  299.83
 157.049    -8.706  293.58  287.32
 157.177    -8.746  294.39  301.45
 157.241    -8.784  299.40  297.35
 157.317    -8.823  302.38  307.41
 157.419    -8.900  300.34  293.27
 157.572    -8.965  295.30  297.33
 157.648    -9.004  303.92  310.51
 157.724    -9.068  300.76  291.00
 157.827    -9.107  295.70  300.41
 157.916    -9.159  302.42  304.43
 157.992    -9.210  302.94  301.44
 158.056    -9.249  303.81  306.17
 158.145    -9.313  303.81  301.45
 158.273    -9.390  297.98  294.51
 158.388    -9.442  294.07  293.62
 158.478    -9.481  289.12  284.61
 158.580    -9.507  285.85  287.08
 158.709    -9.546  284.44  281.80
 158.773    -9.559  285.34  288.88
 158.850    -9.585  293.07  297.27
 158.926    -9.624  293.06  288.86
 159.003    -9.650  294.93  301.00
 159.068    -9.688  304.19  307.38
 159.119    -9.726  307.38  307.38
 159.170    -9.765  314.56  321.75
 159.221    -9.829  315.40  309.05
 159.285    -9.880  306.55  304.04
 159.362    -9.931  300.49  296.94
 159.439    -9.969  303.00  309.07
 159.503   -10.021  309.58  310.09
 159.580   -10.084  305.76  301.43
 159.644   -10.123  305.21  309.00
 159.708   -10.174  300.64  292.28
 159.772   -10.200  300.42  308.57
 159.837   -10.251  298.69  288.81
 159.914   -10.276  295.10  301.38
 159.978   -10.315  303.58  305.78
 160.068   -10.379  303.55  301.32
 160.132   -10.417  302.50  303.68
 160.210   -10.468  303.85  304.02
 160.287   -10.519  304.00  303.98
 160.364   -10.570  300.37  296.76
 160.493   -10.634  302.04  307.32
 160.544   -10.672  305.48  303.65
 160.622   -10.723  302.92  302.20
 160.725   -10.787  308.83  315.46
 160.776   -10.838  312.98  310.50
 160.867   -10.914  309.76  309.01
 160.931   -10.965  311.96  314.91
 160.996   -11.029  303.47  292.02
 161.060   -11.054  306.07  320.11
 161.125   -11.130  308.44  296.77
 161.202   -11.168  290.41  284.04
 161.306   -11.194  290.26  296.48
 161.384   -11.232  288.02  279.55
 161.461   -11.245  286.34  293.13
 161.552   -11.283  288.07  283.01
 161.720   -11.321  289.72  296.43
 161.798   -11.359  293.51  290.58
 161.901   -11.397  286.49  282.40
 162.018   -11.422  280.20  277.99
 162.109   -11.434  270.76  263.54
 162.225   -11.422  266.69  269.83
 162.354   -11.421  269.83  269.83
 162.484   -11.421  262.19  254.55
 162.626   -11.382  258.59  262.64
 162.833   -11.356  260.39  258.14
 163.053   -11.311  260.03  261.92
 163.195   -11.291  259.51  257.09
 163.311   -11.265  259.58  262.06
 163.505   -11.238  260.19  258.32
 163.699   -11.199  261.56  264.79
 163.854   -11.185  262.02  259.24
 163.996   -11.158  262.00  264.76
 164.151   -11.144  260.85  256.95
 164.267   -11.118  258.08  259.21
 164.409   -11.091  264.32  269.44
 164.512   -11.090  275.10  280.75
 164.641   -11.114  287.02  293.29
 164.758   -11.164  288.95  284.60
 164.901   -11.200  291.11  297.63
 165.070   -11.287  301.26  304.90
 165.252   -11.411  309.57  314.25
 165.396   -11.549  317.13  320.00
 165.514   -11.686  326.25  332.50
 165.621   -11.887  335.74  338.98
 165.715   -12.127  341.56  344.14
 165.770   -12.316  342.95  341.76
 165.838   -12.517  344.11  346.47
 165.894   -12.744  349.93  353.40
 165.909   -12.870  350.83  348.27
 165.952   -13.072  344.47  340.67
 166.020   -13.261  342.77  344.87
 166.090   -13.513  345.44  346.00
 166.132   -13.676  347.15  348.29
 166.154   -13.779  348.29  348.29
>NHlvAU
 166.154   -13.779  351.97  351.97
 166.161   -13.828  348.84  345.70
 166.204   -13.991  348.48  351.26
 166.234   -14.181  352.93  354.61
 166.250   -14.345  356.57  358.54
 166.252   -14.421  356.09  353.64
 166.268   -14.559  356.16  358.69
 166.271   -14.686    0.57    2.46
 166.262   -14.889    9.83   17.21
 166.213   -15.041    3.95  350.69
 166.228   -15.130  358.00    5.31
 166.217   -15.244    9.07   12.82
 166.193   -15.345    1.46  350.09
 166.209   -15.434  351.56  353.04
 166.225   -15.560  356.03  359.03
 166.227   -15.674  350.40  341.77
 166.270   -15.799  346.24  350.71
 166.285   -15.888  339.77  328.83
 166.340   -15.975  331.84  334.86
 166.395   -16.087  333.50  332.14
 166.450   -16.187  333.31  334.48
 166.506   -16.300  336.60  338.71
 166.562   -16.438  338.41  338.11
 166.604   -16.538  333.47  328.83
 166.659   -16.625  329.16  329.49
 166.728   -16.737  325.56  321.63
 166.810   -16.836  330.68  339.74
 166.868   -16.987  332.33  324.92
 166.950   -17.098  320.86  316.79
 167.059   -17.209  316.91  317.04
 167.155   -17.307  333.60  350.17
 167.171   -17.395  345.81  341.46
 167.215   -17.521  343.62  345.79
 167.245   -17.633  346.48  347.18
 167.275   -17.759  346.22  345.27
 167.320   -17.922  344.69  344.11
 167.350   -18.022  342.81  341.52
 167.394   -18.147  342.82  344.11
 167.424   -18.247  344.75  345.38
 167.455   -18.360  346.09  346.81
 167.486   -18.485  349.54  352.28
 167.504   -18.611  351.59  350.90
 167.521   -18.712  342.93  334.95
 167.607   -18.886  335.93  336.90
 167.680   -19.048  341.81  346.71
 167.727   -19.236  338.10  329.48
 167.812   -19.372  333.07  336.66
 167.886   -19.533  334.10  331.53
 167.943   -19.632  334.55  337.57
 168.003   -19.769  334.43  331.29
 168.075   -19.893  327.72  324.14
 168.160   -20.003  332.84  341.54
 168.191   -20.090  335.09  328.65
 168.263   -20.201  329.98  331.32
 168.335   -20.325  335.17  339.03
 168.396   -20.474  333.39  327.75
 168.512   -20.646  330.53  333.32
 168.585   -20.782  333.27  333.23
 168.645   -20.893  334.43  335.62
 168.705   -21.016  328.90  322.17
 168.776   -21.102  325.57  328.96
 168.879   -21.261  327.26  325.56
 168.996   -21.420  326.68  327.81
 169.054   -21.505  328.12  328.43
 169.143   -21.640  325.10  321.77
 169.215   -21.725  323.49  325.20
 169.288   -21.822  333.15  341.10
 169.320   -21.909  324.39  307.69
 169.419   -21.980  312.46  317.22
 169.491   -22.052  314.55  311.88
 169.577   -22.124  310.41  308.95
 169.719   -22.230  313.59  318.24
 169.835   -22.350  314.99  311.74
 169.950   -22.445  311.77  311.80
 170.036   -22.516  314.27  316.74
 170.109   -22.587  307.79  298.85
 170.221   -22.644  300.40  301.95
 170.321   -22.702  302.06  302.17
 170.420   -22.759  301.23  300.28
 170.547   -22.827  299.37  298.46
 170.660   -22.884  295.60  292.75
 170.745   -22.917  291.24  289.73
 170.842   -22.949  286.00  282.27
 170.939   -22.968  285.85  289.44
 171.037   -23.000  287.06  284.69
 171.162   -23.030  287.42  290.16
 171.288   -23.072  286.13  282.10
 171.385   -23.091  281.09  280.07
 171.496   -23.110  279.34  278.60
 171.620   -23.127  281.51  284.42
 171.703   -23.146  277.78  271.14
 171.854   -23.149  272.59  274.04
 171.950   -23.155  276.99  279.95
 172.060   -23.173  275.74  271.53
 172.197   -23.176  268.62  265.72
 172.278   -23.171  270.41  275.11
 172.361   -23.178  272.80  270.49
 172.439   -23.178  270.49  270.49
>CAlvCO
 -90.898    12.584  273.91  273.91
 -90.293    12.543  282.24  290.57
 -89.619    12.295  291.94  293.31
 -88.920    11.999  295.23  297.16
 -88.319    11.697  301.32  305.49
 -87.890    11.397  305.54  305.58
 -87.462    11.096  312.22  318.86
 -86.975    10.547  316.50  314.14
 -86.648    10.235  314.14  314.14
>CAlvSA
 -58.157    10.160  219.29  219.29
 -57.762    10.634  211.55  203.81
 -57.533    11.144  197.72  191.64
 -57.424    11.661  184.20  176.77
 -57.468    12.427  174.28  171.79
 -57.568    13.102  170.81  169.83
 -57.711    13.874  171.39  172.94
 -57.791    14.499  167.49  162.03
 -57.913    14.864  145.17  128.31
 -58.288    15.150  124.30  120.29
 -58.526    15.284  126.88  133.47
 -58.666    15.412  154.75  176.04
 -58.692    15.770  165.31  154.57
 -58.801    15.991  165.74  176.90
 -58.824    16.397  165.38  153.86
 -59.088    16.912  143.26  132.66
 -59.465    17.243  132.40  132.14
 -59.819    17.548  136.63  141.12
 -60.051    17.822  145.39  149.66
 -60.278    18.191  146.37  143.08
 -60.534    18.513  128.44  113.80
 -60.729    18.595  131.65  149.50
 -60.912    18.889  123.11   96.72
 -61.553    18.959   96.72   96.72
>COrvNA
 -90.898    12.584  301.90  301.90
 -91.308    12.832  301.86  301.82
 -91.719    13.080  300.76  299.70
 -92.063    13.271  278.24  256.79
 -92.272    13.223  283.83  310.86
 -92.599    13.498  306.68  302.49
 -92.962    13.722  292.21  281.94
 -93.309    13.793  292.76  303.58
 -93.656    14.016  300.82  298.05
 -94.055    14.222  298.32  298.59
 -94.542    14.479  301.64  304.69
 -94.873    14.700  306.54  308.39
 -95.117    14.887  304.77  301.15
 -95.466    15.090  300.67  300.20
 -95.799    15.276  291.01  281.81
 -96.219    15.361  275.89  269.97
 -96.727    15.360  269.92  269.86
 -97.217    15.358  279.03  288.19
 -97.691    15.508  287.18  286.17
 -98.166    15.640  287.08  288.00
 -98.588    15.771  288.64  289.27
 -99.028    15.919  294.07  298.86
 -99.435    16.134  296.81  294.75
 -99.806    16.298  290.34  285.93
-100.336    16.442  288.43  290.93
-100.867    16.636  293.50  296.06
-101.703    17.026  293.11  290.16
-102.432    17.280  292.44  294.73
-103.200    17.616  296.59  298.46
-103.792    17.920  299.22  299.98
-104.191    18.138  294.55  289.12
-104.406    18.209  293.47  297.81
-104.725    18.368  303.94  310.07
-105.043    18.622  308.04  306.01
-105.247    18.762  306.01  306.01
>PArvOK
 144.454    40.847  176.35  176.35
 144.479    40.549  187.40  198.46
 144.399    40.367  198.39  198.31
 144.328    40.203  196.28  194.24
 144.283    40.067  191.66  189.08
 144.254    39.928  188.47  187.86
 144.225    39.767  182.77  177.68
 144.236    39.557  182.80  187.91
 144.203    39.374  185.20  182.48
 144.189    39.123  188.36  194.24
 144.119    38.909  193.52  192.81
 144.061    38.709  192.00  191.20
 144.017    38.536  191.11  191.02
 143.973    38.358  190.71  190.39
 143.928    38.166  188.98  187.57
 143.888    37.928  188.41  189.26
 143.843    37.710  194.13  199.00
 143.743    37.479  201.51  204.02
 143.637    37.290  203.21  202.40
 143.518    37.059  203.13  203.86
 143.408    36.860  205.32  206.77
 143.275    36.649  212.20  217.64
 143.151    36.520  214.00  210.36
 143.020    36.339  222.59  234.81
 142.887    36.264  234.07  233.32
 142.761    36.188  220.47  207.62
 142.681    36.064  215.71  223.80
 142.606    36.001  219.84  215.88
 142.555    35.944  205.89  195.91
 142.460    35.673  204.38  212.85
 142.325    35.503  209.73  206.61
 142.221    35.333  203.15  199.68
 142.170    35.217  218.71  237.74
 142.067    35.164  212.10  186.47
 142.029    34.889  187.13  187.80
 141.992    34.666  189.52  191.24
 141.883    34.213  191.24  191.24
>JFrvNA
-124.742    40.313  333.42  333.42
-124.953    40.633  348.44    3.45
-124.933    40.884  349.21  334.97
-125.089    41.135  339.53  344.09
-125.182    41.380  342.43  340.78
-125.309    41.652  353.98    7.19
-125.281    41.818  359.57  351.94
-125.313    41.986  353.53  355.12
-125.331    42.142    3.56   12.01
-125.290    42.284   25.43   38.84
-125.209    42.359   21.17    3.49
-125.198    42.492  163.50  323.52
-125.268    42.561  340.29  357.07
-125.289    42.862  358.54    0.00
-125.289    43.051  348.32  336.64
-125.343    43.143  340.01  343.39
-125.394    43.267  341.66  339.92
-125.474    43.426  349.56  359.20
-125.480    43.738    2.88    6.56
-125.450    43.925    8.84   11.11
-125.429    44.002   24.03   36.94
-125.362    44.066  197.67  358.40
-125.372    44.323  358.40  358.40
-125.372    44.523  358.64  358.87
-125.376    44.668  341.72  324.57
-125.434    44.725  341.89  359.22
-125.437    44.881  359.79    0.36
-125.435    45.104  355.77  351.17
-125.517    45.474  349.84  348.52
-125.655    45.946  347.68  346.85
-125.773    46.295  347.69  348.52
-125.876    46.643  347.11  345.69
-125.998    46.970  348.45  351.20
-126.085    47.350  342.74  334.29
-126.370    47.748  338.44  342.60
-126.486    47.996  336.76  330.93
-126.733    48.291  328.19  325.45
-127.018    48.565  316.78  308.11
-127.378    48.750  309.04  309.98
-127.608    48.877  317.97  325.96
-127.818    49.080  341.44  356.92
-127.852    49.491  347.74  338.55
-128.029    49.781  320.44  302.33
-128.283    49.885  319.82  337.30
-128.414    50.086  328.22  319.13
-128.719    50.310  315.74  312.34
-129.010    50.479  306.52  300.69
-129.460    50.647  308.90  317.11
-129.738    50.836  323.57  330.03
-129.982    51.101  325.43  320.83
-130.212    51.278  310.40  299.97
-130.548    51.398  309.40  318.82
-130.850    51.612  318.82  318.82
>OKlvPA
 144.454    40.847  224.64  224.64
 145.077    41.319  224.86  225.09
 145.710    41.788  228.24  231.39
 146.198    42.076  231.54  231.70
 146.690    42.362  233.85  236.01
 147.345    42.685  235.00  233.99
 148.340    43.208  233.81  233.64
 149.311    43.721  235.52  237.40
 150.339    44.187  236.61  235.82
 150.877    44.447  235.99  236.16
 151.419    44.704  233.95  231.74
 152.240    45.158  230.97  230.21
 152.880    45.529  230.43  230.65
 153.528    45.897  225.40  220.16
 154.195    46.440  218.98  217.80
 154.664    46.853  217.99  218.18
 155.141    47.263  219.66  221.13
 155.742    47.725  221.34  221.54
 156.353    48.183  222.17  222.81
 157.024    48.659  220.61  218.42
 157.568    49.107  218.60  218.78
 158.121    49.552  223.40  228.02
 158.644    49.855  228.23  228.44
 159.174    50.155  220.36  212.27
 159.877    50.855  213.79  215.31
 160.599    51.488  206.42  197.54
 160.945    52.159  207.75  217.96
 161.584    52.654  227.07  236.18
 162.458    53.003  216.87  197.56
 162.790    53.625  199.60  201.64
 163.282    54.347  204.50  207.36
 163.670    54.779  207.51  207.65
 164.066    55.209  207.65  207.65
>NAlvPA
 164.066    55.209  299.11  299.11
 164.847    54.957  301.70  304.29
 165.771    54.588  308.78  313.28
 166.407    54.237  306.07  298.85
 167.413    53.906  302.41  305.98
 168.188    53.569  309.40  312.83
 168.836    53.208  307.54  302.24
 169.752    52.855  301.88  301.51
 170.700    52.498  302.49  303.46
 171.847    52.026  299.69  295.93
 172.964    51.684  292.61  289.30
 174.219    51.403  288.99  288.68
 175.571    51.108  287.30  285.92
 176.720    50.896  286.82  287.73
 177.680    50.698  283.02  278.31
 178.498    50.619  278.19  278.07
 179.688    50.506    3.88   89.70
-179.202    50.496    0.10  270.49
-178.480    50.490  270.49  270.48
-177.758    50.484  269.32  268.16
-177.088    50.496  264.15  260.13
-176.223    50.588  253.67  247.21
-175.629    50.745  253.43  259.65
-174.907    50.826  260.64  261.63
-174.119    50.896  261.82  262.00
-173.328    50.964  260.21  258.41
-172.484    51.069  258.67  258.92
-171.634    51.171  256.13  253.35
-170.897    51.306  253.46  253.56
-170.159    51.440  250.81  248.06
-169.378    51.632  247.36  246.66
-168.972    51.740  246.50  246.35
-167.990    52.001  248.14  249.93
-166.819    52.257  247.68  245.44
-166.108    52.453  245.73  246.02
-165.390    52.644  247.06  248.09
-164.665    52.818  248.38  248.67
-163.934    52.988  247.73  246.79
-163.177    53.180  247.10  247.41
-162.413    53.367  250.48  253.55
-161.664    53.496  253.86  254.16
-160.910    53.621  254.66  255.15
-160.129    53.741  255.47  255.79
-159.344    53.856  254.08  252.38
-157.986    54.101  250.02  247.67
-157.067    54.318  248.04  248.42
-156.138    54.527  245.86  243.31
-155.239    54.784  238.28  233.26
-154.160    55.239  234.77  236.28
-153.164    55.610  232.75  229.21
-152.227    56.058  237.36  245.51
-151.218    56.309  244.05  242.60
-150.547    56.499  243.36  244.12
-150.081    56.623  240.56  237.00
-149.220    56.925  233.84  230.69
-148.257    57.347  226.05  221.42
-147.449    57.832  218.08  214.74
-146.759    58.352  211.86  208.99
-146.264    58.814  209.19  209.40
-145.756    59.273  209.40  209.40
>NZrvSA
 -76.006   -45.659    9.20    9.20
 -75.821   -44.849    5.60    2.01
 -75.782   -44.051    8.59   15.18
 -75.632   -43.648    9.87    4.55
 -75.558   -42.972    7.05    9.55
 -75.402   -42.284    5.00    0.45
 -75.397   -41.826    0.44    0.44
 -75.392   -41.367    8.71   16.98
 -75.189   -40.863    8.23  359.49
 -75.195   -40.359    2.44    5.39
 -75.128   -39.813    0.77  356.15
 -75.150   -39.564    5.15   14.16
 -74.988   -39.068   13.46   12.77
 -74.836   -38.542   16.09   19.41
 -74.655   -38.138   12.04    4.67
 -74.596   -37.563    6.52    8.37
 -74.442   -36.725   11.46   14.55
 -74.262   -36.165   20.67   26.78
 -73.897   -35.578   20.78   14.78
 -73.675   -34.888   22.77   30.77
 -73.246   -34.290   30.12   29.47
 -72.938   -33.837   18.54    7.61
 -72.861   -33.358    2.71  357.81
 -72.889   -32.742    6.01   14.21
 -72.762   -32.319    9.70    5.19
 -72.678   -31.531    5.20    5.21
 -72.618   -30.965    3.19    1.16
 -72.600   -30.190    2.30    3.45
 -72.555   -29.536    6.48    9.51
 -72.433   -28.901   14.96   20.41
 -72.170   -28.278   20.07   19.74
 -71.958   -27.755   15.37   10.99
 -71.847   -27.248    9.53    8.08
 -71.752   -26.652    7.96    7.83
 -71.628   -25.840    7.51    7.19
 -71.524   -25.093    5.43    3.67
 -71.466   -24.263    4.54    5.41
 -71.389   -23.523    4.15    2.90
 -71.347   -22.758    2.81    2.73
 -71.307   -21.965    2.73    2.73
>NZrvAP
 -71.307   -21.965    4.34    4.34
 -71.249   -21.262  358.30  352.26
 -71.323   -20.758  354.05  355.83
 -71.362   -20.249  350.45  345.06
 -71.487   -19.811  339.74  334.43
 -71.746   -19.298  326.95  319.47
 -72.266   -18.721  317.79  316.11
 -72.737   -18.257  312.48  308.84
 -73.400   -17.747  307.12  305.40
 -73.949   -17.373  308.20  311.00
 -74.609   -16.823  308.94  306.88
 -75.292   -16.330  310.78  314.67
 -75.916   -15.736  314.67  314.67
>NZrvSA
 -75.916   -15.736  317.72  317.72
 -76.403   -15.218  317.35  316.98
 -76.765   -14.843  317.03  317.08
 -77.125   -14.467  317.54  317.99
 -77.639   -13.914  317.36  316.73
 -78.148   -13.387  321.30  325.87
 -78.407   -13.014  325.89  325.92
 -78.665   -12.641  326.90  327.87
 -79.147   -11.890  325.13  322.38
 -79.618   -11.291  327.69  332.99
 -79.997   -10.560  331.59  330.19
 -80.368    -9.921  328.10  326.02
 -80.701    -9.434  331.21  336.40
 -81.041    -8.665  335.17  333.95
 -81.375    -7.988  339.86  345.77
 -81.549    -7.306  343.02  340.28
 -81.784    -6.655  342.87  345.47
 -81.954    -6.003  351.05  356.62
 -81.998    -5.253  357.88  359.14
 -82.010    -4.504    2.63    6.12
 -81.926    -3.721   20.26   34.40
 -81.599    -3.245   34.40   34.40
>NZrvND
 -81.599    -3.245  347.78  347.78
 -81.652    -3.000  359.91   12.04
 -81.532    -2.437    2.97  353.90
 -81.599    -1.814    4.13   14.36
 -81.415    -1.095   13.61   12.86
 -81.229    -0.284   19.22   25.57
 -80.887     0.432   26.14   26.71
 -80.574     1.053   28.17   29.62
 -80.292     1.549   36.63   43.64
 -79.791     2.074   42.59   41.54
 -79.478     2.427   41.54   41.55
 -79.165     2.780   40.45   39.36
 -78.662     3.392   32.35   25.33
 -78.342     4.066   22.08   18.82
 -78.080     4.832   16.46   14.09
 -77.910     5.505    1.53  348.96
 -78.008     6.005  348.96  348.96
>ONlvPS
 128.462    25.458  229.09  229.09
 128.978    25.859  227.49  225.90
 129.360    26.191  222.10  218.31
 129.785    26.671  216.60  214.89
 130.211    27.214  212.00  209.10
 130.523    27.709  201.85  194.60
 130.6400   28.0500 200.20  200.2
 130.6900   28.1700 203.80  202.0
 130.7200   28.2300 199.40  201.6
 130.7600   28.3300 203.70  201.6
 130.8000   28.4100 201.30  202.5
 130.8400   28.5000 198.20  199.8
 130.8700   28.5800 201.30  199.8
 130.9100   28.6700 203.70  202.5
 130.9500   28.7500 205.90  204.8
 131.0000   28.8400 203.60  204.8
 131.0400   28.9200 203.60  203.6
 131.0800   29.0000 205.90  204.8
 131.1300   29.0900 202.80  204.3
 131.2600   29.3600 206.50  204.6
 131.3000   29.4300 208.20  207.3
 131.6100   29.9300 216.60  212.4
 131.6700   30.0000 220.90  218.7
 131.7500   30.0800 216.50  218.7
 131.8100   30.1500 220.80  218.7
 131.8900   30.2300 216.50  218.7
 131.9500   30.3000 220.80  218.6
 132.0300   30.3800 220.80  220.8
 132.1000   30.4500 220.70  220.7
 132.1700   30.5200 220.70  220.7
 132.2400   30.5900 220.70  220.7
 132.3200   30.6700 224.50  222.6
 132.4000   30.7400 220.60  222.6
 132.4800   30.8200 220.60  220.6
 132.5600   30.9000 227.00  223.8
 132.6600   30.9800 224.40  225.7
 132.7400   31.0500 232.10  228.2
 132.8300   31.1100 227.70  229.9
>AMlvPS
 132.8300   31.1100 227.70  229.9
 132.9200   31.1800 226.90  227.3
 133.0200   31.2600 227.70  227.3
 133.1100   31.3300 227.60  227.7
 133.2000   31.4000 230.60  229.1
 133.3000   31.4700 224.80  227.7
 133.3700   31.5300 255.00  239.9
 133.5900   31.5800 169.30  212.1
 133.5700   31.6700 233.20  201.2
 133.6800   31.7400 233.20  233.2
 133.7900   31.8100 239.50  236.3
 133.9100   31.8700 234.70  237.1
 134.0100   31.9300 236.00  235.4
 134.0800   31.9700 231.80  233.9
 134.1700   32.0300 237.20  234.5
 134.2800   32.0900 234.70  235.9
 134.3800   32.1500 238.10  236.4
 134.5700   32.2500 56.00  147.0
 134.1000   31.9800 234.70  145.3
 134.2000   32.0400 233.60  234.1
 134.2800   32.0900 237.20  235.4
 134.3900   32.1500 236.70  236.9
 134.5700   32.2500 240.10  238.4
 134.8800   32.4000 244.60  242.4
 134.9800   32.4400 242.20  243.4
 135.0700   32.4800 244.60  243.4
 135.1700   32.5200 244.60  244.6
 135.2700   32.5600 248.40  246.5
 135.3300   32.5800 249.90  249.2
 135.4600   32.6200 250.40  250.1
 135.5600   32.6500 252.00  251.2
 135.6700   32.6800 71.30  161.7
 135.5300   32.6400 252.00  161.7
 135.6400   32.6700 246.60  249.3
 135.7500   32.7100 250.30  248.5
 135.8500   32.7400 252.00  251.2
 135.9600   32.7700 249.80  250.9
 136.2200   32.8500 244.50  247.2
 136.3200   32.8900 73.40  159.0
 136.2800   32.8800 244.90  159.2
 136.5100   32.9700 244.90  244.9
 137.030    33.053  238.52  230.66
 137.546    33.405  231.00  231.33
 138.066    33.749  225.81  220.28
 138.383    34.059  205.70  191.13
 138.508    34.582  193.94  196.75
 138.674    35.034  196.75  196.75
>PSlvPA
 138.359     9.379  200.25  200.25
 138.574     9.953  195.56  190.86
 138.710    10.649  191.47  192.08
 138.813    11.121  240.29  288.49
 139.483    10.901  277.08  265.67
 140.100    10.946  271.60  277.54
 140.772    10.858  266.87  256.21
 141.608    11.058  250.96  245.71
 142.122    11.285  253.73  261.76
 142.961    11.403  240.27  218.78
 143.097    11.569  218.78  218.78
>MAlvPA
 143.097    11.569  280.68  280.68
 143.503    11.494  262.91  245.13
 144.157    11.790  244.01  242.89
 144.619    12.021  243.57  244.25
 145.024    12.211  248.13  252.01
 145.349    12.314  238.55  225.09
 145.691    12.647  230.27  235.46
 146.221    13.002  235.21  234.96
 146.752    13.363  221.00  207.03
 147.201    14.216  202.80  198.57
 147.462    14.966  197.93  197.28
 147.684    15.653  191.88  186.47
 147.787    16.523  185.71  184.96
 147.856    17.283  180.90  176.85
 147.811    18.060  178.84  180.83
 147.820    18.646  170.49  160.15
 147.619    19.172  162.76  165.36
 147.460    19.745  161.17  156.98
 147.207    20.303  158.84  160.70
 147.019    20.805  160.73  160.75
 146.822    21.331  153.98  147.21
 146.545    21.730  141.89  136.57
 146.062    22.201  131.19  125.82
 145.292    22.712  130.42  135.02
 144.706    23.250  132.26  129.49
 144.022    23.764  136.75  144.02
 143.522    24.391  144.02  144.02
>PSlvPA
 143.522    24.391  143.33  143.33
 143.096    24.909  347.76  192.18
 143.098    24.918  185.24  178.29
 143.075    25.612  184.67  191.04
 143.231    26.329  187.34  183.63
 143.260    26.737  181.22  178.81
 143.243    27.463  175.66  172.52
 143.172    27.941  169.01  165.51
 143.002    28.519  159.79  154.07
 142.748    28.975  158.04  162.02
 142.507    29.621  169.35  176.68
 142.473    30.128  168.26  159.84
 142.224    30.711  167.29  174.75
 142.159    31.315  175.19  175.64
 142.099    31.982  173.45  171.25
 141.994    32.558  176.25  181.24
 142.012    33.252  172.70  164.16
 141.858    33.704  173.24  182.33
 141.883    34.213  182.33  182.33
>SClvAN
 -76.483   -52.068  353.16  353.16
 -76.312   -52.928  347.10  341.04
 -76.020   -53.435  340.93  340.81
 -75.720   -53.941  331.18  321.55
 -75.239   -54.294  321.36  321.16
 -74.749   -54.645  318.06  314.96
 -74.120   -55.004  314.70  314.44
 -73.480   -55.359  316.40  318.35
 -72.995   -55.665  312.50  306.66
 -72.277   -55.962  306.36  306.06
 -71.548   -56.255  303.29  300.52
 -70.401   -56.622  295.57  290.61
 -69.256   -56.852  290.13  289.64
 -68.097   -57.072  299.36  309.07
 -67.102   -57.502  299.55  290.04
 -65.867   -57.736  289.52  289.00
 -64.617   -57.959  289.00  289.00
>SLlvAN
 -56.925   -60.565   43.58   43.58
 -57.494   -60.855   57.13   70.68
 -58.131   -60.962   71.12   71.57
 -58.891   -61.082   74.70   77.83
 -59.836   -61.177   71.00   64.18
 -60.650   -61.363   62.49   60.81
 -61.332   -61.543   57.30   53.79
 -62.203   -61.841   55.51   57.23
 -63.105   -62.110   54.50   51.77
 -63.969   -62.422   51.77   51.77
>EUlvAF
  20.000    37.907  293.52  293.52
  20.300    37.804  293.52  293.52
>OKlvNA
 164.066    55.209  146.23  146.23
 163.340    55.817  145.94  145.66
 162.592    56.420  355.73  205.81
 162.960    56.836  205.96  206.11
 163.336    57.251  206.28  206.45
 163.721    57.664  206.62  206.78
 164.115    58.076  206.94  207.11
 164.518    58.487  207.26  207.41
 164.930    58.897  220.85  234.29
 166.258    59.376  234.85  235.41
 167.623    59.842  236.01  236.61
 169.027    60.293  222.90  209.20
 169.865    61.017  209.58  209.96
 170.743    61.736  209.96  209.96
>BUlvIN
  92.278     6.948  351.00  351.00
  92.376     6.333  348.36  345.71
  92.537     5.702  347.69  349.66
  92.665     5.005  344.37  339.08
  92.903     4.384  336.63  334.19
  93.227     3.716  327.99  321.80
  93.753     3.048  317.01  312.21
  94.405     2.457  306.89  301.57
  94.979     2.104  301.57  301.57
>BUlvAU
  94.979     2.104  291.57  291.57
  95.542     1.882  298.69  305.82
  96.089     1.487  313.65  321.48
  96.202     1.345  321.48  321.48
>SUlvAU
  96.202     1.345  321.34  321.34
  96.380     1.123  321.37  321.40
  96.670     0.759  326.75  332.10
  97.011     0.116  331.75  331.40
  97.372    -0.547  330.91  330.43
  97.769    -1.247  327.98  325.53
  98.035    -1.634  325.53  325.53
  98.301    -2.021  321.94  318.36
  98.874    -2.665  320.47  322.58
  99.370    -3.312  323.24  323.89
  99.675    -3.729  323.88  323.87
  99.980    -4.145  323.69  323.50
 100.359    -4.656  324.99  326.47
 100.791    -5.305  323.67  320.86
 101.346    -5.983  319.70  318.53
 101.858    -6.558  317.93  317.32
 102.452    -7.197  308.85  300.39
 103.183    -7.621  296.60  292.82
 103.763    -7.863  291.77  290.73
 104.576    -8.167  290.73  290.73
>NAlvRI
-106.890    21.799  342.72  342.72
-106.862    21.716  334.51  326.31
-106.808    21.640  334.76  343.21
-106.757    21.483  333.75  324.29
-106.624    21.311  321.05  317.82
-106.551    21.235  326.35  334.88
-106.525    21.184  322.00  309.13
-106.442    21.121  328.83  348.53
-106.381    20.840  355.06    1.59
-106.387    20.638    0.54  359.49
-106.385    20.428  355.83  352.18
-106.352    20.203  348.65  345.13
-106.271    19.916  338.84  332.56
-106.121    19.644  329.34  326.13
-105.949    19.402  323.12  320.12
-105.739    19.164  317.64  315.17
-105.546    18.981  311.42  307.67
-105.247    18.762  307.67  307.67
>PSlvSU
 120.452    21.632   13.18   13.18
 120.344    21.202    9.12    5.05
 120.290    20.631  348.58  332.10
 120.502    20.255  351.16   10.22
 120.441    19.937   22.28   34.34
 120.115    19.487   30.40   26.46
 119.795    18.878   31.20   35.95
 119.279    18.201   23.53   11.12
 119.161    17.629    2.54  353.97
 119.248    16.840  356.31  358.65
 119.255    16.556  358.65  358.65
>PSrvSU
 124.891    14.704  156.29  156.29
 125.150    14.132  157.12  157.94
 125.494    13.306  158.47  158.99
 125.686    12.818  150.20  141.42
 126.137    12.265  156.19  170.97
 126.240    11.630  176.77  182.56
 126.214    11.060  168.86  155.17
 126.573    10.296  159.44  163.71
 126.824     9.449  162.88  162.05
 127.053     8.750  163.53  165.01
 127.219     8.136  172.00  178.99
 127.234     7.292  178.96  178.92
 127.250     6.447  169.11  159.30
 127.459     5.897  167.03  174.75
 127.498     5.474  150.67  126.60
 127.836     5.224  136.16  145.73
 128.151     4.763  148.48  151.22
 128.387     4.335  153.09  154.95
 128.684     3.700  153.41  151.87
 128.998     3.114  152.80  153.74
 129.217     2.671  165.75  177.76
 129.246     1.928  180.50  183.23
 129.197     1.059  183.23  183.23
>MSlvSU
 123.430     2.006   94.85   94.85
 123.219     2.024  105.21  115.58
 122.480     2.377  100.38   85.18
 121.669     2.309   87.68   90.18
 120.824     2.311   85.47   80.76
 120.189     2.208   75.65   70.54
 119.696     2.033   55.53   40.52
 119.306     1.577   22.15    3.78
 119.249     0.714  353.95  344.13
 119.475    -0.081  344.13  344.13
>BSlvSU
 119.475    -0.081   16.63   16.63
 119.296    -0.680   16.91   17.19
 119.045    -1.491   18.27   19.34
 118.884    -1.950   19.34   19.34
 118.723    -2.408   14.52    9.70
 118.578    -3.255  347.55  325.39
 118.823    -3.610  325.39  325.39
>BHrvBS
 128.383    -2.286   98.47   98.47
 129.258    -2.416   97.70   96.94
 130.107    -2.519  103.52  110.10
 130.585    -2.694  110.10  110.09
 131.063    -2.868  116.75  123.41
 131.489    -3.149  123.41  123.41
 131.915    -3.429  132.53  141.64
 132.316    -3.935  141.65  141.65
 132.717    -4.440  141.65  141.65
>BHlvCL
 138.793    -1.159  160.69  160.69
 138.674    -0.820  130.00   99.31
 138.054    -0.718   99.32   99.33
 137.435    -0.616  105.43  111.53
 136.943    -0.422  111.53  111.53
 136.451    -0.228  108.00  104.46
 135.656    -0.023  113.11  121.75
 134.938     0.421   96.30   70.85
 134.471     0.259   70.68   70.52
 133.899     0.057   70.52   70.52
 133.327    -0.146   86.03  101.55
 132.824    -0.043  101.26  100.98
 132.515     0.017  100.98  100.98
>BHlvPS
 132.515     0.017   96.76   96.76
 132.373     0.034   98.55  100.34
 131.738     0.150  100.33  100.32
 131.102     0.266  105.48  110.63
 130.546     0.475  110.61  110.60
 129.989     0.684  112.98  115.35
 129.197     1.059  115.35  115.35
>INrvBU
  92.278     6.948  332.55  332.55
  91.903     7.663  339.43  346.31
  91.781     8.160  345.91  345.51
  91.651     8.656  349.47  353.44
  91.596     9.130  353.01  352.59
  91.533     9.604  357.86    3.14
  91.559    10.056    2.66    2.19
  91.576    10.514    1.60    1.02
  91.591    11.300    3.46    5.91
  91.643    11.791    6.21    6.51
  91.700    12.283    9.22   11.93
  91.889    13.154   14.59   17.24
  92.068    13.715   17.24   17.24
>PAlvAU
 166.951   -44.987   37.11   37.11
 166.710   -45.211   39.14   41.17
 166.537   -45.350   37.69   34.21
 166.377   -45.515   31.33   28.45
 166.205   -45.736   34.54   40.62
 166.019   -45.887   42.38   44.13
 165.920   -45.958   47.33   50.53
 165.733   -46.065   54.95   59.37
 165.427   -46.190   49.50   39.63
 165.168   -46.405   33.43   27.24
 165.021   -46.601   21.81   16.38
 164.943   -46.783    9.90    3.43
 164.923   -47.011   13.10   22.77
 164.838   -47.148   27.36   31.95
 164.739   -47.256   20.08    8.20
 164.699   -47.444   15.53   22.85
 164.651   -47.521   27.02   31.19
 164.528   -47.658   24.38   17.57
 164.480   -47.760    8.43  359.28
 164.483   -47.920   10.71   22.14
 164.398   -48.059   12.27    2.41
 164.389   -48.202   19.48   36.55
 164.309   -48.274   20.97    5.39
 164.287   -48.429   10.84   16.28
 164.215   -48.592   18.38   20.47
 164.130   -48.742   26.17   31.86
 163.964   -48.917   24.71   17.55
 163.868   -49.116   19.77   21.99
 163.740   -49.322   24.36   26.72
 163.545   -49.573   22.58   18.43
 163.448   -49.761   16.82   15.21
 163.412   -49.847   21.73   28.26
 163.296   -49.985   25.50   22.74
 163.235   -50.079   22.74   22.74
>ONlvPS
 125.550    23.380  252.29  252.29
 125.954    23.498  245.45  238.61
 126.426    23.761  235.20  231.80
 126.901    24.101  230.06  228.32
 127.398    24.503  226.49  224.66
 127.907    24.969  225.16  225.66
 128.462    25.458  225.66  225.66
>CLrvWL
 138.793    -1.159  116.43  116.43
 139.257    -1.390  111.72  107.00
 139.805    -1.557  111.76  116.52
 140.226    -1.767  109.09  101.66
 140.837    -1.893  114.53  127.40
 141.195    -2.167  116.10  104.80
 141.594    -2.272  109.79  114.78
 141.868    -2.398  121.38  127.97
 142.246    -2.693  127.97  127.97
>NBrvWL
 142.246    -2.693  120.72  120.72
 142.449    -2.814  121.80  122.87
 142.633    -2.932  114.36  105.84
 142.936    -3.018  102.14   98.44
 143.172    -3.053  102.75  107.05
 143.508    -3.156  124.72  142.39
 143.743    -3.460  142.39  142.39
>SWlvSA
 -26.071   -60.391  230.46  230.46
 -25.069   -59.973  219.25  208.04
 -24.456   -59.386  207.70  207.36
 -23.991   -58.921  197.23  187.09
 -23.819   -58.195  177.41  167.73
 -24.130   -57.425  167.64  167.55
 -24.233   -57.174  158.74  149.93
 -24.696   -56.734  150.12  150.31
 -25.149   -56.292  147.44  144.58
 -25.721   -55.840  140.49  136.40
 -26.414   -55.424  128.19  119.98
 -26.995   -55.232  115.61  111.24
 -27.604   -55.095  104.69   98.14
 -28.647   -55.005   92.21   86.28
 -29.489   -55.033   86.28   86.28
>ASlvAF
  20.300    37.804  332.49  332.49
  20.760    37.098  324.16  315.84
  21.327    36.629  323.91  331.98
  21.599    36.216  325.89  319.81
  21.893    35.933  307.86  295.91
  22.375    35.742  301.60  307.30
  22.866    35.437  311.45  315.61
  23.399    34.990  314.15  312.69
  23.874    34.628  304.23  295.76
  24.593    34.340  285.94  276.11
  25.577    34.249  274.89  273.67
  26.465    34.198  265.61  257.55
  27.226    34.335  241.44  225.33
  27.684    34.706  233.28  241.23
  28.050    34.870  237.43  233.62
  28.478    35.127  233.33  233.04
  28.779    35.312  243.67  254.30
  29.070    35.378  256.20  258.10
  29.345    35.425  263.77  269.45
  29.731    35.427  269.45  269.45
>ATlvAF
  29.731    35.427  304.18  304.18
  30.221    35.154  296.63  289.08
  30.793    34.991  291.20  293.33
  31.256    34.826  294.47  295.62
  31.740    34.634  293.97  292.33
  32.172    34.487  287.78  283.23
  32.668    34.390  284.34  285.45
  33.101    34.290  277.01  268.58
  33.735    34.302  250.43  232.28
  34.054    34.505  232.34  232.40
  34.500    34.785  229.67  226.93
  34.900    35.091  228.51  230.09
  35.362    35.405  230.42  230.76
  35.791    35.689  233.52  236.28
  36.413    36.023  236.28  236.28
>COrvPM
 -82.875     7.366  318.75  318.75
 -83.074     7.592  323.62  328.50
 -83.233     7.849  315.35  302.19
 -83.360     7.928  298.94  295.69
 -83.605     8.044  298.28  300.88
 -83.838     8.182  303.05  305.22
 -84.007     8.300  312.30  319.37
 -84.158     8.474  310.83  302.29
 -84.419     8.637  299.69  297.09
 -84.686     8.772  296.10  295.11
 -85.044     8.937  294.84  294.57
 -85.380     9.089  295.55  296.53
 -85.612     9.203  301.68  306.83
 -85.910     9.423  309.43  312.03
 -86.204     9.684  314.28  316.54
 -86.449     9.938  321.54  326.54
 -86.648    10.235  326.54  326.54
>NDlvNZ
 -78.646     7.337   32.90   32.90
 -78.715     7.232   26.17   19.43
 -78.762     7.100    3.68  347.94
 -78.747     7.031  326.36  304.78
 -78.698     6.997  301.88  298.99
 -78.599     6.942  313.32  327.65
 -78.542     6.853  320.97  314.28
 -78.443     6.757  325.20  336.12
 -78.400     6.660  331.34  326.57
 -78.336     6.564  318.95  311.33
 -78.265     6.502  305.81  300.30
 -78.195     6.461  320.12  339.95
 -78.151     6.343  344.01  348.07
 -78.129     6.239  344.01  339.94
 -78.086     6.122  336.38  332.81
 -78.050     6.053  325.81  318.82
 -78.008     6.005  318.82  318.82
>CArvND
 -76.684     8.731  356.57  356.57
 -76.701     9.017  357.95  359.33
 -76.706     9.379  359.83    0.34
 -76.703     9.761    9.21   18.07
 -76.594    10.090   23.90   29.74
 -76.456    10.329   32.82   35.90
 -76.275    10.574   41.60   47.30
 -76.064    10.765   36.60   25.90
 -75.905    11.087   33.72   41.54
 -75.631    11.390   46.42   51.29
 -75.370    11.595   53.13   54.98
 -75.123    11.764   59.95   64.92
 -74.796    11.914   68.01   71.10
 -74.476    12.021   55.14   39.19
 -74.307    12.224   47.75   56.30
 -74.058    12.386   41.49   26.69
 -73.874    12.743   31.72   36.76
 -73.632    13.058   45.43   54.09
 -73.303    13.290   66.20   78.30
 -72.916    13.368   81.58   84.86
 -72.428    13.410   84.65   84.44
 -71.840    13.465   85.44   86.44
 -71.195    13.503   95.95  105.45
 -70.953    13.438  109.76  114.06
 -70.659    13.310  114.06  114.06
>CArvND
 -70.659    13.310  132.83  132.83
 -70.496    13.162  130.07  127.31
 -70.183    12.930  128.63  129.95
 -69.863    12.668  129.87  129.79
 -69.594    12.450  134.24  138.70
 -69.348    12.175  137.49  136.27
 -69.024    11.844  137.60  138.92
 -68.730    11.513  136.75  134.57
 -68.379    11.174  137.94  141.31
 -68.087    10.815  149.98  158.65
 -67.961    10.499  158.65  158.65
>COrvPM
 -78.646     7.337  205.49  205.49
 -78.840     6.934  236.92  268.36
 -78.924     6.931  267.22  266.08
 -79.027     6.925  263.82  261.56
 -79.106     6.913  263.68  265.79
 -79.202     6.906  263.46  261.13
 -79.307     6.889  264.80  268.47
 -79.393     6.887  271.26  274.06
 -79.492     6.894  276.26  278.47
 -79.585     6.908  275.47  272.48
 -79.692     6.912  262.55  252.63
 -79.767     6.889  247.22  241.81
 -79.832     6.854  241.28  240.75
 -79.912     6.810  239.88  239.02
 -80.005     6.755  241.21  243.39
 -80.108     6.704  247.14  250.89
 -80.229     6.662  253.09  255.29
 -80.327     6.636  260.86  266.44
 -80.479     6.627  269.92  273.41
 -80.596     6.634  275.89  278.37
 -80.738     6.654  279.26  280.16
 -80.895     6.682  280.21  280.27
 -81.023     6.705  276.69  273.10
 -81.152     6.712  272.69  272.27
 -81.266     6.717  275.40  278.53
 -81.359     6.731  283.09  287.66
 -81.469     6.765  286.09  284.52
 -81.532     6.782  286.82  289.12
 -81.640     6.819  291.38  293.64
 -81.752     6.867  292.39  291.14
 -81.866     6.911  290.72  290.29
 -81.992     6.957  295.07  299.85
 -82.118     7.029  300.10  300.35
 -82.254     7.108  301.39  302.43
 -82.357     7.173  305.94  309.44
 -82.397     7.205  305.89  302.33
 -82.511     7.277  303.11  303.89
 -82.875     7.366  318.75  318.75
>PMlvCA
 -76.684     8.731  166.45  166.45
 -76.685     8.731  166.45  166.45
 -76.765     9.065  159.86  153.26
 -76.924     9.376  150.90  148.53
 -77.083     9.631  145.56  142.59
 -77.291     9.900  138.38  134.16
 -77.499    10.098  134.14  134.13
 -77.679    10.270  129.20  124.27
 -77.922    10.432  121.83  119.40
 -78.129    10.547  121.94  124.47
 -78.229    10.615  110.78   97.10
 -78.427    10.639   94.90   92.70
 -78.746    10.653   82.10   71.49
 -78.970    10.579   66.01   60.53
 -79.151    10.479   56.22   51.92
 -79.234    10.415   73.41   94.90
 -79.432    10.431   88.64   82.39
 -79.748    10.389   79.46   76.52
 -80.105    10.305   79.50   82.48
 -80.365    10.271   74.38   66.29
 -80.636    10.154   67.24   68.18
 -80.879    10.058   63.17   58.16
 -81.079     9.935   56.49   54.83
 -81.306     9.778   47.48   40.14
 -81.469     9.587   46.05   51.97
 -81.654     9.444   51.97   51.97
>CAlvSA
 -61.553    18.959   96.72   96.72
 -62.176    19.275  116.89  115.44
 -62.847    19.574  109.58  103.72
 -63.360    19.692   99.37   95.03
 -63.760    19.724   95.43   95.84
 -64.344    19.779   94.90   93.96
 -65.129    19.829   91.00   91.00
 -65.694    19.829   91.00   89.64
 -66.259    19.825   87.16   84.67
 -67.040    19.754   85.33   86.00
 -67.531    19.721   85.92   85.83
 -68.022    19.687   84.42   83.00
 -68.853    19.589   92.27  101.53
 -69.415    19.696  101.44  101.35
 -69.978    19.802  104.83  108.32
 -70.626    20.002  108.20  108.09
 -71.277    20.201  102.89   97.69
 -71.804    20.267   97.60   97.52
 -72.332    20.331   97.52   97.52
>CAlvCA
 -70.897    18.220  294.94  294.94
 -70.761    18.160  304.68  314.42
 -70.621    18.029  321.32  328.22
 -70.544    17.912  333.27  338.32
 -70.511    17.832  339.82  341.32
 -70.458    17.683  330.75  320.17
 -70.305    17.508  311.03  301.90
 -70.138    17.409  298.70  295.51
 -69.935    17.316  291.42  287.33
 -69.742    17.258  284.81  282.29
 -69.465    17.201  279.41  276.52
 -69.228    17.174  276.00  275.48
 -68.912    17.145  272.78  270.07
 -68.645    17.145  270.95  271.82
 -68.428    17.138  278.72  285.63
 -68.248    17.090  282.14  278.66
 -68.071    17.064  271.66  264.65
 -67.861    17.083  264.02  263.38
 -67.691    17.102  260.57  257.75
 -67.400    17.162  261.02  264.29
 -67.070    17.193  262.30  260.30
 -66.760    17.243  262.30  264.29
 -66.496    17.268  260.52  256.76
 -66.243    17.325  258.62  260.49
 -65.966    17.369  264.30  268.11
 -65.772    17.375  269.42  270.72
 -65.475    17.371  269.53  268.33
 -65.255    17.377  269.70  271.07
 -65.058    17.374  271.07  271.07
>EUlvAF
  13.072    37.472  346.51  346.51
  13.076    37.458  349.35  352.19
  13.080    37.434  354.20  356.21
  13.083    37.401  352.59  348.97
  13.097    37.343  348.74  348.52
  13.104    37.316  344.84  341.15
  13.127    37.262  339.01  336.87
  13.152    37.217  328.16  319.44
  13.170    37.199  322.59  325.74
  13.199    37.166  323.59  321.44
  13.218    37.147  318.39  315.35
  13.264    37.110  312.77  310.20
  13.307    37.081  311.89  313.58
  13.354    37.045  312.33  311.07
  13.375    37.030  304.95  298.82
  13.463    36.992  300.43  302.03
  13.494    36.976  293.20  284.37
  13.534    36.968  283.89  283.40
  13.553    36.964  283.68  283.97
  13.613    36.953  285.57  287.17
  13.675    36.937  282.06  276.95
  13.699    36.935  282.51  288.06
  13.772    36.916  283.83  279.59
  13.851    36.905  281.39  283.18
  13.934    36.890  285.75  288.31
  13.988    36.875  278.63  268.95
  14.050    36.876  267.88  266.81
  14.075    36.877  265.19  263.58
  14.137    36.883  261.72  259.87
  14.201    36.892  264.53  269.19
  14.273    36.893  260.95  252.72
>ONlvPS
 123.070    22.924  265.00  265.00
 124.299    23.018  261.15  257.29
 125.334    23.229  245.01  232.73
 125.550    23.380  252.29  252.29
>PSlvSU
 119.255    16.556  358.65  358.65
 119.058    16.175  355.09  358.24
 119.068    15.857  358.97  359.71
 119.069    15.574  359.04  358.37
 119.078    15.275    1.31    4.25
 119.058    15.009    5.41    6.57
 119.034    14.812    6.21    5.84
 119.004    14.523  357.00  348.16
 119.047    14.320  344.31  340.47
 119.136    14.077  341.09  341.72
 119.234    13.789  341.21  340.70
 119.306    13.590  340.17  339.65
 119.354    13.464  340.17  339.65
>PSrvSU
 122.694    18.149  168.53  168.53
 122.718    18.039  168.91  169.28
 122.748    17.885  171.89  174.51
 122.764    17.727  173.42  172.33
 122.788    17.561  175.39  178.45
 122.792    17.406  180.04  181.64
 122.788    17.260  183.61  185.57
 122.772    17.102  186.15  186.73
 122.758    16.996  193.80  200.87
 122.723    16.908  200.87  200.87
>PSrvSU
 122.723    16.908  195.75  195.75
 122.681    16.764  196.88  198.02
 122.620    16.583  201.13  204.24
 122.561    16.459  204.39  204.54
 122.469    16.265  204.85  205.16
 122.390    16.104  207.29  209.41
 122.313    15.972  209.70  209.99
 122.219    15.816  207.54  205.08
 122.156    15.686  208.07  211.05
 122.075    15.556  213.14  215.22
 121.977    15.422  211.50  207.78
 121.905    15.291  211.85  215.92
 121.856    15.225  215.20  214.49
 121.823    15.179  214.49  214.49
>PSrvSU
 121.823    15.179  214.49  214.49
 124.288    14.975   94.59   94.59
>PSrvSU
 124.288    14.975   94.59   94.59
 124.409    14.890  118.77  111.71
 124.891    14.704  111.71  111.71
>SUlvSU
 121.962    10.251   13.89   13.89
 121.931    10.129   15.67   17.46
 121.891    10.001    7.46  357.47
 121.898     9.838  353.88  350.29
 121.937     9.611  345.87  341.46
 122.024     9.357  339.63  337.80
 122.114     9.138  331.91  326.02
 122.247     8.943  318.93  311.84
 122.402     8.806  313.42  314.99
 122.541     8.669  303.58  292.17
 122.699     8.605  292.17  292.17
>SUlvSU
 123.547     6.639    5.04    5.04
 123.531     6.457  356.15  347.26
 123.569     6.290  334.22  321.19
 123.689     6.142  321.50  321.82
 123.824     5.972  318.83  315.83
 123.971     5.821  313.80  311.76
 124.148     5.664  307.39  303.02
 124.361     5.526  301.56  300.10
 124.563     5.410  299.16  298.22
 124.740     5.315  293.71  289.20
 124.870     5.270  298.82  308.43
 124.912     5.236  326.42  344.40
 124.954     5.085  347.33  350.26
 124.987     4.899  351.16  352.07
 125.010     4.731  355.08  358.09
 125.016     4.558  354.79  351.48
 125.057     4.286  351.48  351.48
>SUrvSU
 126.020     4.909  171.97  171.97
 126.041     4.762  171.12  170.28
 126.052     4.696  171.93  173.59
 126.066     4.574  173.73  173.87
 126.073     4.510  173.61  173.34
 126.087     4.392  170.54  167.75
 126.101     4.329  170.16  172.57
 126.119     4.188  170.08  167.58
 126.134     4.121  180.99  194.40
 126.102     3.996  199.48  204.55
 126.072     3.931  196.92  189.29
 126.052     3.812  185.95  182.61
 126.049     3.737  184.61  186.60
 126.022     3.500  185.17  183.74
 126.005     3.254  186.31  188.89
 125.965     2.997  193.48  198.07
 125.878     2.730  196.75  195.43
 125.811     2.490  194.39  193.35
 125.758     2.263  190.16  186.97
 125.723     1.980  187.79  188.61
 125.689     1.753  187.41  186.22
 125.673     1.607  191.03  195.84
 125.627     1.445  202.78  209.73
 125.497     1.218  211.86  214.00
 125.364     1.020  213.00  211.99
 125.249     0.837  215.55  219.10
 125.110     0.666  217.04  214.98
 124.950     0.436  210.43  205.88
 124.835     0.200  200.27  194.65
 124.781    -0.006  189.49  184.32
 124.772    -0.127  175.65  166.97
 124.812    -0.300  161.05  155.14
 124.921    -0.535  153.46  151.79
 125.031    -0.741  150.85  149.92
 125.153    -0.951  148.44  146.96
 125.245    -1.092  147.72  148.49
 125.297    -1.178  148.49  148.49
>SUrvSU
 127.159    -1.140  309.94  309.94
 126.975    -0.986  312.81  315.69
 126.741    -0.746  325.43  335.16
 126.628    -0.501  351.56    7.95
 126.676    -0.157    9.24   10.54
 126.732     0.144    9.75    8.96
 126.799     0.572   12.40   15.84
 126.886     0.879   16.62   17.40
 127.001     1.244   18.70   20.00
 127.155     1.668   25.43   30.86
 127.379     2.043   27.97   25.07
 127.530     2.366   19.75   14.43
 127.632     2.761    7.22  360.00
 127.632     3.087  355.09  350.17
 127.576     3.410  349.23  348.28
 127.464     3.949  348.79  349.30
 127.399     4.294  354.19  359.08
 127.394     4.572    2.59    6.10
 127.431     4.913    8.64   11.18
 127.487     5.196   13.35   15.51
 127.550     5.421   13.35   15.51
 127.498     5.474  315.52  315.52
>MSlvSU
 124.405     1.678   69.54   69.54
 124.108     1.567   74.33   79.13
 123.822     1.512   86.70   94.26
 123.545     1.533   94.85   94.85
 123.430     2.006   94.85   94.85
>MSlvSU
 119.249     0.714  344.12  344.12
 119.475    -0.081  344.12  344.12
>SUlvAU
 120.886   -11.493  265.84  265.84
 121.112   -11.494  266.67  262.98
 121.782   -11.412  258.96  254.94
 122.630   -11.187  253.39  251.84
 123.220   -10.996  250.23  248.63
 123.961   -10.711  247.85  247.07
 124.735   -10.388  244.22  241.36
 125.157   -10.161  241.46  241.56
 125.483    -9.987  241.82  242.08
 125.869    -9.785  244.91  247.74
 126.332    -9.598  247.87  248.00
 126.855    -9.389  250.78  253.56
 127.428    -9.222  256.45  259.34
 127.900    -9.134  262.41  265.48
 128.376    -9.096  264.75  264.02
 129.108    -9.020  263.55  263.09
 129.861    -8.929  258.08  253.07
 130.540    -8.724  250.27  247.46
 130.930    -8.563  242.82  238.19
 131.412    -8.267  231.36  224.54
 131.757    -7.920  220.90  217.26
 131.998    -7.606  220.41  223.57
 132.306    -7.284  220.64  217.71
 132.644    -6.851  218.48  219.25
 132.833    -6.621  220.35  221.45
 133.063    -6.362  222.28  223.12
 133.405    -5.998  219.73  216.33
 133.620    -5.708  204.64  192.96
 133.681    -5.444  192.96  192.96
>BHrvBS
 132.717    -4.440  141.65  141.65
 133.189    -4.758  151.27  136.39
 133.304    -4.879  132.57  128.74
 133.507    -5.041  139.11  149.48
 133.597    -5.194  155.56  161.65
 133.681    -5.444  192.96  192.96
>BHrvBS
 125.931    -2.912   59.40   59.40
 126.037    -2.849   58.51   57.61
 126.225    -2.730   58.56   59.51
 126.392    -2.632   60.99   62.48
 126.526    -2.562   78.20   93.92
 126.726    -2.576   89.73   85.54
 126.961    -2.558   83.39   81.25
 127.191    -2.522   86.49   91.73
 127.493    -2.531   88.55   85.36
 127.802    -2.506   80.83   76.31
 128.032    -2.450   72.21   68.12
 128.276    -2.352   63.21   58.31
 128.383    -2.286   98.47   98.47
>SUlvSU
 121.562    -8.036  102.94  102.94
 121.443    -8.009  109.14  115.33
 121.271    -7.928  117.23  119.13
 121.132    -7.851  118.14  117.14
 120.953    -7.761  111.68  106.22
 120.835    -7.727  100.58   94.94
 120.558    -7.703   92.35   89.76
 120.268    -7.704   85.27   80.77
 119.936    -7.757   84.88   88.99
 119.667    -7.762   88.46   87.93
 119.414    -7.771   86.43   84.94
 119.089    -7.799   83.48   82.03
 118.860    -7.831   83.43   84.83
 118.594    -7.855   85.21   85.58
 118.326    -7.875   80.18   74.77
 118.183    -7.914   80.47   86.17
 117.942    -7.930   87.79   89.40
 117.600    -7.933   87.08   84.76
 117.362    -7.955   84.32   83.87
 117.019    -7.991   84.78   85.70
 116.728    -8.012   84.78   85.70
 116.519    -8.012   84.78   85.70
>SUrvSU
 124.350    -7.898   74.18   74.18
 124.496    -7.857   85.27   96.36
 124.609    -7.870  103.39  110.42
 124.757    -7.924  102.08   93.74
 124.915    -7.934   91.29   88.83
 125.082    -7.931   82.07   75.31
 125.265    -7.883   72.43   69.56
 125.372    -7.843   60.72   51.88
 125.479    -7.761   51.88   51.88
 125.479    -7.761   51.62   51.36
 125.521    -7.727   41.54   31.73
 125.593    -7.612   37.53   43.34
 125.670    -7.531   38.81   34.28
 125.724    -7.452   52.80   71.31
 125.798    -7.427   75.16   79.01
 125.952    -7.398   80.65   82.29
 126.172    -7.368   81.72   81.14
 126.319    -7.346   84.43   87.72
 126.520    -7.338   90.85   93.97
 126.703    -7.350   96.98   99.99
 126.873    -7.380   98.90   97.81
 126.990    -7.396   98.04   98.26
 127.140    -7.417   98.26   98.26
>NHlvAU
 172.439   -23.178  270.49  270.49
 172.783   -23.069  253.19  255.41
 173.040   -23.007  238.97  222.53
 173.212   -22.834  246.39  270.25
 173.606   -22.835  249.52  228.79
 174.034   -22.488  233.46  238.12
 174.584   -22.170  236.61  235.11
 175.231   -21.750  235.11  235.11
 175.231   -21.750  235.04  234.97
 175.733   -21.422  234.86  234.76
 176.121   -21.166  234.76  234.76
>TOlvPA
-173.407   -14.584  130.98  130.98
-173.501   -14.612   90.76  108.74
-173.674   -14.555  104.17   99.60
-173.794   -14.535  104.79  109.99
-173.918   -14.492  105.62  101.26
-174.039   -14.469  103.62  105.98
-174.159   -14.435  100.19   94.39
-174.286   -14.426   91.99   89.58
-174.434   -14.427   81.98   74.38
-174.512   -14.448   80.63   86.87
-174.660   -14.455   88.24   89.61
-174.904   -14.457   92.86   96.12
-175.151   -14.431   98.59  101.07
-175.378   -14.388  101.07  101.07
>
